Linux 5.14.0-427.28.1.el9_4.x86_64 (ebpfsrv) 	02/12/2024 	_x86_64_	(4 CPU)

21:59:30        CPU      %usr     %nice      %sys   %iowait    %steal      %irq     %soft    %guest    %gnice     %idle
21:59:32        all      9,95      1,01      6,80      0,13      0,00      1,01      0,50      0,00      0,00     80,60
21:59:32          0     10,15      1,02      7,61      0,00      0,00      0,51      0,51      0,00      0,00     80,20
21:59:32          1     11,00      1,00      6,00      0,00      0,00      1,00      0,50      0,00      0,00     80,50
21:59:32          2      9,05      1,01      7,04      0,50      0,00      2,01      0,50      0,00      0,00     79,90
21:59:32          3      9,60      1,01      6,57      0,00      0,00      0,51      0,51      0,00      0,00     81,82

21:59:32        CPU      %usr     %nice      %sys   %iowait    %steal      %irq     %soft    %guest    %gnice     %idle
21:59:34        all      7,25      0,89      5,73      0,00      0,00      1,02      0,25      0,00      0,00     84,86
21:59:34          0      7,14      1,02      5,61      0,00      0,00      0,51      0,51      0,00      0,00     85,20
21:59:34          1      6,67      0,51      7,18      0,00      0,00      0,51      0,00      0,00      0,00     85,13
21:59:34          2      7,11      1,02      5,58      0,00      0,00      2,54      0,00      0,00      0,00     83,76
21:59:34          3      8,08      1,01      4,55      0,00      0,00      0,51      0,51      0,00      0,00     85,35

21:59:34        CPU      %usr     %nice      %sys   %iowait    %steal      %irq     %soft    %guest    %gnice     %idle
21:59:36        all      0,38      0,88      1,26      0,00      0,00      0,38      0,38      0,00      0,00     96,73
21:59:36          0      0,50      1,00      2,50      0,00      0,00      0,50      0,50      0,00      0,00     95,00
21:59:36          1      0,51      1,52      1,01      0,00      0,00      0,00      0,51      0,00      0,00     96,46
21:59:36          2      0,50      1,01      1,01      0,00      0,00      0,50      0,50      0,00      0,00     96,48
21:59:36          3      0,00      0,00      0,50      0,00      0,00      0,50      0,00      0,00      0,00     98,99

21:59:36        CPU      %usr     %nice      %sys   %iowait    %steal      %irq     %soft    %guest    %gnice     %idle
21:59:38        all      0,63      1,01      1,77      0,00      0,00      0,38      0,25      0,00      0,00     95,95
21:59:38          0      0,51      0,51      1,53      0,00      0,00      0,00      0,00      0,00      0,00     97,45
21:59:38          1      0,50      1,51      3,02      0,00      0,00      0,50      0,50      0,00      0,00     93,97
21:59:38          2      0,51      1,52      1,01      0,00      0,00      1,01      0,51      0,00      0,00     95,45
21:59:38          3      1,01      0,51      1,52      0,00      0,00      0,00      0,00      0,00      0,00     96,97

21:59:38        CPU      %usr     %nice      %sys   %iowait    %steal      %irq     %soft    %guest    %gnice     %idle
21:59:40        all      0,63      1,13      1,51      0,00      0,00      0,50      0,38      0,00      0,00     95,86
21:59:40          0      1,00      1,00      2,00      0,00      0,00      0,50      0,50      0,00      0,00     95,00
21:59:40          1      0,50      1,50      2,00      0,00      0,00      0,50      0,50      0,00      0,00     95,00
21:59:40          2      0,51      1,52      1,01      0,00      0,00      0,51      0,00      0,00      0,00     96,46
21:59:40          3      0,50      0,50      1,01      0,00      0,00      0,50      0,50      0,00      0,00     96,98

21:59:40        CPU      %usr     %nice      %sys   %iowait    %steal      %irq     %soft    %guest    %gnice     %idle
21:59:42        all      0,50      1,13      1,50      0,25      0,00      0,63      0,38      0,00      0,00     95,61
21:59:42          0      0,51      1,01      2,02      0,00      0,00      0,51      0,00      0,00      0,00     95,96
21:59:42          1      0,50      1,00      2,00      0,50      0,00      0,50      0,50      0,00      0,00     95,00
21:59:42          2      0,50      1,49      1,00      0,50      0,00      1,00      0,50      0,00      0,00     95,02
21:59:42          3      0,50      1,01      1,01      0,00      0,00      0,50      0,50      0,00      0,00     96,48

21:59:42        CPU      %usr     %nice      %sys   %iowait    %steal      %irq     %soft    %guest    %gnice     %idle
21:59:44        all      0,38      1,39      1,52      0,13      0,00      0,38      0,13      0,00      0,00     96,09
21:59:44          0      0,50      1,50      2,00      0,50      0,00      0,50      0,50      0,00      0,00     94,50
21:59:44          1      0,00      1,52      2,03      0,00      0,00      0,00      0,00      0,00      0,00     96,45
21:59:44          2      0,51      1,52      1,01      0,00      0,00      0,51      0,00      0,00      0,00     96,46
21:59:44          3      0,51      1,02      1,02      0,00      0,00      0,51      0,00      0,00      0,00     96,95

21:59:44        CPU      %usr     %nice      %sys   %iowait    %steal      %irq     %soft    %guest    %gnice     %idle
21:59:46        all      1,26      0,76      1,89      0,00      0,00      0,76      0,50      0,00      0,00     94,83
21:59:46          0      1,02      0,51      1,52      0,00      0,00      0,51      0,51      0,00      0,00     95,94
21:59:46          1      1,50      1,50      3,50      0,00      0,00      0,50      0,50      0,00      0,00     92,50
21:59:46          2      1,02      0,51      1,02      0,00      0,00      1,53      0,51      0,00      0,00     95,41
21:59:46          3      1,50      0,50      1,50      0,00      0,00      0,50      0,50      0,00      0,00     95,50

21:59:46        CPU      %usr     %nice      %sys   %iowait    %steal      %irq     %soft    %guest    %gnice     %idle
21:59:48        all      9,95      0,89      7,65      0,13      0,00      1,53      0,51      0,00      0,00     79,34
21:59:48          0     11,28      0,51      8,21      0,00      0,00      0,51      0,51      0,00      0,00     78,97
21:59:48          1      9,69      1,02      8,16      0,00      0,00      1,02      0,51      0,00      0,00     79,59
21:59:48          2      8,67      1,02      6,63      0,51      0,00      4,08      0,51      0,00      0,00     78,57
21:59:48          3     10,15      1,02      7,61      0,00      0,00      0,51      0,51      0,00      0,00     80,20

21:59:48        CPU      %usr     %nice      %sys   %iowait    %steal      %irq     %soft    %guest    %gnice     %idle
21:59:50        all     17,88      0,91     12,31      0,00      0,00      2,33      0,65      0,00      0,00     65,93
21:59:50          0     18,65      1,04     12,95      0,00      0,00      1,04      0,52      0,00      0,00     65,80
21:59:50          1     17,80      1,57     12,57      0,00      0,00      1,05      1,05      0,00      0,00     65,97
21:59:50          2     16,33      1,02     11,73      0,00      0,00      6,12      0,51      0,00      0,00     64,29
21:59:50          3     18,75      0,00     11,98      0,00      0,00      1,04      0,52      0,00      0,00     67,71

21:59:50        CPU      %usr     %nice      %sys   %iowait    %steal      %irq     %soft    %guest    %gnice     %idle
21:59:52        all      1,00      0,88      2,01      0,00      0,00      0,63      0,38      0,00      0,00     95,11
21:59:52          0      1,01      1,01      2,01      0,00      0,00      0,50      0,00      0,00      0,00     95,48
21:59:52          1      1,00      0,50      1,50      0,00      0,00      0,50      0,50      0,00      0,00     96,00
21:59:52          2      1,01      1,52      3,03      0,00      0,00      1,01      0,51      0,00      0,00     92,93
21:59:52          3      1,00      0,50      1,50      0,00      0,00      0,50      0,50      0,00      0,00     96,00

21:59:52        CPU      %usr     %nice      %sys   %iowait    %steal      %irq     %soft    %guest    %gnice     %idle
21:59:54        all      0,63      1,13      2,01      0,13      0,00      0,50      0,25      0,00      0,00     95,35
21:59:54          0      0,00      1,51      1,01      0,50      0,00      0,50      0,50      0,00      0,00     95,98
21:59:54          1      1,01      1,01      2,01      0,00      0,00      0,50      0,00      0,00      0,00     95,48
21:59:54          2      1,01      1,01      4,02      0,00      0,00      1,01      0,50      0,00      0,00     92,46
21:59:54          3      0,51      1,01      1,01      0,00      0,00      0,00      0,00      0,00      0,00     97,47

21:59:54        CPU      %usr     %nice      %sys   %iowait    %steal      %irq     %soft    %guest    %gnice     %idle
21:59:56        all      0,51      0,88      1,14      0,00      0,00      0,51      0,51      0,00      0,00     96,46
21:59:56          0      0,51      0,51      0,51      0,00      0,00      0,51      0,51      0,00      0,00     97,47
21:59:56          1      0,00      0,51      1,02      0,00      0,00      0,51      0,51      0,00      0,00     97,45
21:59:56          2      0,51      1,52      2,53      0,00      0,00      0,51      0,51      0,00      0,00     94,44
21:59:56          3      1,00      1,00      0,50      0,00      0,00      0,50      0,50      0,00      0,00     96,50

21:59:56        CPU      %usr     %nice      %sys   %iowait    %steal      %irq     %soft    %guest    %gnice     %idle
21:59:58        all      0,38      0,75      1,76      0,13      0,00      0,38      0,13      0,00      0,00     96,48
21:59:58          0      1,01      0,50      1,51      0,00      0,00      0,00      0,00      0,00      0,00     96,98
21:59:58          1      0,00      1,01      1,01      0,00      0,00      0,50      0,50      0,00      0,00     96,98
21:59:58          2      0,50      1,50      3,00      0,50      0,00      0,50      0,00      0,00      0,00     94,00
21:59:58          3      0,00      0,00      1,52      0,00      0,00      0,51      0,00      0,00      0,00     97,98

21:59:58        CPU      %usr     %nice      %sys   %iowait    %steal      %irq     %soft    %guest    %gnice     %idle
22:00:00        all      0,50      0,88      1,51      0,00      0,00      0,50      0,50      0,00      0,00     96,09
22:00:00          0      0,50      1,01      0,50      0,00      0,00      0,50      0,50      0,00      0,00     96,98
22:00:00          1      0,51      0,00      1,02      0,00      0,00      0,51      0,51      0,00      0,00     97,46
22:00:00          2      0,51      1,52      2,53      0,00      0,00      1,01      0,51      0,00      0,00     93,94
22:00:00          3      0,50      1,01      2,01      0,00      0,00      0,00      0,50      0,00      0,00     95,98

22:00:00        CPU      %usr     %nice      %sys   %iowait    %steal      %irq     %soft    %guest    %gnice     %idle
22:00:02        all      0,38      1,01      1,39      0,00      0,00      0,38      0,13      0,00      0,00     96,72
22:00:02          0      0,00      0,00      0,51      0,00      0,00      0,51      0,00      0,00      0,00     98,98
22:00:02          1      1,01      1,01      0,50      0,00      0,00      0,00      0,00      0,00      0,00     97,49
22:00:02          2      0,51      1,52      2,53      0,00      0,00      0,51      0,51      0,00      0,00     94,44
22:00:02          3      0,00      1,50      2,00      0,00      0,00      0,50      0,00      0,00      0,00     96,00

22:00:02        CPU      %usr     %nice      %sys   %iowait    %steal      %irq     %soft    %guest    %gnice     %idle
22:00:04        all      0,63      1,25      1,75      0,13      0,00      0,50      0,25      0,00      0,00     95,49
22:00:04          0      1,00      1,50      1,50      0,00      0,00      0,50      0,00      0,00      0,00     95,50
22:00:04          1      0,00      0,51      1,02      0,00      0,00      0,51      0,51      0,00      0,00     97,46
22:00:04          2      1,00      1,49      2,49      0,50      0,00      0,50      0,00      0,00      0,00     94,03
22:00:04          3      0,50      1,50      2,00      0,00      0,00      0,50      0,50      0,00      0,00     95,00

22:00:04        CPU      %usr     %nice      %sys   %iowait    %steal      %irq     %soft    %guest    %gnice     %idle
22:00:06        all      0,13      1,39      1,14      0,00      0,00      0,25      0,38      0,00      0,00     96,71
22:00:06          0      0,00      0,51      1,02      0,00      0,00      0,00      0,51      0,00      0,00     97,97
22:00:06          1      0,50      2,01      0,50      0,00      0,00      0,50      0,50      0,00      0,00     95,98
22:00:06          2      0,00      1,52      1,02      0,00      0,00      0,51      0,51      0,00      0,00     96,45
22:00:06          3      0,00      1,52      2,03      0,00      0,00      0,00      0,00      0,00      0,00     96,45

22:00:06        CPU      %usr     %nice      %sys   %iowait    %steal      %irq     %soft    %guest    %gnice     %idle
22:00:08        all      0,37      0,87      1,62      0,00      0,00      0,62      0,50      0,00      0,00     96,00
22:00:08          0      0,50      0,50      1,00      0,00      0,00      0,50      0,50      0,00      0,00     97,00
22:00:08          1      0,50      1,00      1,00      0,00      0,00      1,00      0,50      0,00      0,00     96,00
22:00:08          2      0,50      1,49      3,48      0,00      0,00      0,50      0,50      0,00      0,00     93,53
22:00:08          3      0,00      0,50      1,00      0,00      0,00      0,50      0,50      0,00      0,00     97,50

22:00:08        CPU      %usr     %nice      %sys   %iowait    %steal      %irq     %soft    %guest    %gnice     %idle
22:00:10        all      0,38      0,88      1,14      0,13      0,00      0,38      0,13      0,00      0,00     96,97
22:00:10          0      0,50      0,50      0,50      0,00      0,00      0,50      0,00      0,00      0,00     97,99
22:00:10          1      0,51      1,01      1,01      0,00      0,00      0,51      0,51      0,00      0,00     96,46
22:00:10          2      0,00      2,02      2,53      0,51      0,00      0,51      0,00      0,00      0,00     94,44
22:00:10          3      0,51      0,00      0,51      0,00      0,00      0,00      0,00      0,00      0,00     98,98

22:00:10        CPU      %usr     %nice      %sys   %iowait    %steal      %irq     %soft    %guest    %gnice     %idle
22:00:12        all      0,25      0,75      1,38      0,00      0,00      0,50      0,38      0,00      0,00     96,73
22:00:12          0      0,00      0,50      1,01      0,00      0,00      0,50      0,50      0,00      0,00     97,49
22:00:12          1      0,51      0,51      0,51      0,00      0,00      0,51      0,51      0,00      0,00     97,47
22:00:12          2      0,50      1,50      3,00      0,00      0,00      0,50      0,50      0,00      0,00     94,00
22:00:12          3      0,00      0,50      1,01      0,00      0,00      0,50      0,00      0,00      0,00     97,99

22:00:12        CPU      %usr     %nice      %sys   %iowait    %steal      %irq     %soft    %guest    %gnice     %idle
22:00:14        all      0,38      1,00      1,51      0,00      0,00      0,38      0,38      0,00      0,00     96,36
22:00:14          0      1,01      0,51      0,51      0,00      0,00      0,00      0,00      0,00      0,00     97,98
22:00:14          1      0,50      1,50      1,00      0,00      0,00      0,50      0,50      0,00      0,00     96,00
22:00:14          2      0,00      1,01      3,52      0,00      0,00      0,50      0,50      0,00      0,00     94,47
22:00:14          3      0,00      1,00      1,00      0,00      0,00      0,50      0,50      0,00      0,00     97,00

22:00:14        CPU      %usr     %nice      %sys   %iowait    %steal      %irq     %soft    %guest    %gnice     %idle
22:00:16        all      0,38      0,88      1,51      0,00      0,00      0,38      0,13      0,00      0,00     96,73
22:00:16          0      0,50      1,00      1,00      0,00      0,00      0,50      0,50      0,00      0,00     96,50
22:00:16          1      0,00      0,51      1,01      0,00      0,00      0,51      0,00      0,00      0,00     97,98
22:00:16          2      0,50      2,01      3,02      0,00      0,00      0,50      0,00      0,00      0,00     93,97
22:00:16          3      0,51      0,00      1,01      0,00      0,00      0,00      0,00      0,00      0,00     98,48

22:00:16        CPU      %usr     %nice      %sys   %iowait    %steal      %irq     %soft    %guest    %gnice     %idle
22:00:18        all      0,38      1,00      1,50      0,00      0,00      0,38      0,38      0,00      0,00     96,37
22:00:18          0      0,00      1,01      1,52      0,00      0,00      0,51      0,00      0,00      0,00     96,97
22:00:18          1      0,50      0,50      0,50      0,00      0,00      0,00      0,50      0,00      0,00     97,99
22:00:18          2      1,00      1,50      3,00      0,00      0,00      0,50      0,50      0,00      0,00     93,50
22:00:18          3      0,00      1,00      1,00      0,00      0,00      0,50      0,50      0,00      0,00     97,01

22:00:18        CPU      %usr     %nice      %sys   %iowait    %steal      %irq     %soft    %guest    %gnice     %idle
22:00:20        all      0,00      1,01      1,13      0,13      0,00      0,50      0,25      0,00      0,00     96,98
22:00:20          0      0,00      0,50      1,01      0,00      0,00      0,00      0,50      0,00      0,00     97,99
22:00:20          1      0,00      1,01      1,01      0,00      0,00      0,51      0,00      0,00      0,00     97,47
22:00:20          2      0,00      2,01      2,01      0,50      0,00      1,01      0,50      0,00      0,00     93,97
22:00:20          3      0,00      0,51      0,51      0,00      0,00      0,51      0,00      0,00      0,00     98,48

Média:         CPU      %usr     %nice      %sys   %iowait    %steal      %irq     %soft    %guest    %gnice     %idle
Média:         all      2,18      0,98      2,56      0,05      0,00      0,63      0,34      0,00      0,00     93,26
Média:           0      2,28      0,81      2,42      0,04      0,00      0,42      0,32      0,00      0,00     93,70
Média:           1      2,18      1,01      2,46      0,02      0,00      0,50      0,40      0,00      0,00     93,42
Média:           2      2,08      1,39      3,14      0,14      0,00      1,17      0,36      0,00      0,00     91,72
Média:           3      2,18      0,73      2,22      0,00      0,00      0,40      0,28      0,00      0,00     94,20
Linux 5.14.0-427.28.1.el9_4.x86_64 (ebpfsrv) 	02/12/2024 	_x86_64_	(4 CPU)

22:04:25        CPU      %usr     %nice      %sys   %iowait    %steal      %irq     %soft    %guest    %gnice     %idle
22:04:27        all      6,62      1,65      5,73      0,00      0,00      0,89      0,25      0,00      0,00     84,86
22:04:27          0      7,07      1,52      5,56      0,00      0,00      0,51      0,00      0,00      0,00     85,35
22:04:27          1      7,14      1,53      5,10      0,00      0,00      0,51      0,51      0,00      0,00     85,20
22:04:27          2      5,61      2,04      6,12      0,00      0,00      2,04      0,00      0,00      0,00     84,18
22:04:27          3      6,63      1,53      6,12      0,00      0,00      0,51      0,51      0,00      0,00     84,69

22:04:27        CPU      %usr     %nice      %sys   %iowait    %steal      %irq     %soft    %guest    %gnice     %idle
22:04:29        all     14,81      0,76      9,87      0,00      0,00      1,39      0,51      0,00      0,00     72,66
22:04:29          0     14,72      1,02      9,64      0,00      0,00      0,51      0,51      0,00      0,00     73,60
22:04:29          1     15,74      0,51      9,14      0,00      0,00      0,51      0,51      0,00      0,00     73,60
22:04:29          2     12,76      1,02     10,71      0,00      0,00      4,08      0,51      0,00      0,00     70,92
22:04:29          3     16,00      0,50     10,00      0,00      0,00      0,50      0,50      0,00      0,00     72,50

22:04:29        CPU      %usr     %nice      %sys   %iowait    %steal      %irq     %soft    %guest    %gnice     %idle
22:04:31        all      0,25      0,63      1,51      0,13      0,00      0,50      0,25      0,00      0,00     96,72
22:04:31          0      0,50      1,00      1,00      0,00      0,00      0,50      0,50      0,00      0,00     96,50
22:04:31          1      0,00      0,00      1,02      0,00      0,00      0,51      0,00      0,00      0,00     98,47
22:04:31          2      0,50      1,50      3,50      0,50      0,00      0,50      0,50      0,00      0,00     93,00
22:04:31          3      0,00      0,00      0,51      0,00      0,00      0,51      0,00      0,00      0,00     98,98

22:04:31        CPU      %usr     %nice      %sys   %iowait    %steal      %irq     %soft    %guest    %gnice     %idle
22:04:33        all      0,50      1,13      1,13      0,00      0,00      0,50      0,38      0,00      0,00     96,37
22:04:33          0      0,51      0,51      0,51      0,00      0,00      0,51      0,00      0,00      0,00     97,98
22:04:33          1      0,50      1,00      0,50      0,00      0,00      0,50      0,50      0,00      0,00     97,00
22:04:33          2      0,51      1,52      2,53      0,00      0,00      0,51      0,51      0,00      0,00     94,44
22:04:33          3      0,50      1,49      0,99      0,00      0,00      0,50      0,50      0,00      0,00     96,04

22:04:33        CPU      %usr     %nice      %sys   %iowait    %steal      %irq     %soft    %guest    %gnice     %idle
22:04:35        all      0,25      1,13      1,51      0,00      0,00      0,25      0,38      0,00      0,00     96,47
22:04:35          0      0,00      0,51      1,02      0,00      0,00      0,00      0,51      0,00      0,00     97,97
22:04:35          1      0,50      1,01      1,01      0,00      0,00      0,50      0,50      0,00      0,00     96,48
22:04:35          2      0,50      2,00      3,00      0,00      0,00      0,50      0,50      0,00      0,00     93,50
22:04:35          3      0,00      1,02      1,02      0,00      0,00      0,00      0,00      0,00      0,00     97,97

22:04:35        CPU      %usr     %nice      %sys   %iowait    %steal      %irq     %soft    %guest    %gnice     %idle
22:04:37        all      0,51      0,76      1,01      0,00      0,00      0,51      0,00      0,00      0,00     97,22
22:04:37          0      0,51      1,02      1,02      0,00      0,00      0,51      0,00      0,00      0,00     96,95
22:04:37          1      0,51      1,01      0,51      0,00      0,00      0,51      0,00      0,00      0,00     97,47
22:04:37          2      0,51      1,01      2,02      0,00      0,00      0,51      0,00      0,00      0,00     95,96
22:04:37          3      0,51      0,00      0,51      0,00      0,00      0,51      0,00      0,00      0,00     98,48

22:04:37        CPU      %usr     %nice      %sys   %iowait    %steal      %irq     %soft    %guest    %gnice     %idle
22:04:39        all      0,50      1,00      1,38      0,12      0,00      0,62      0,50      0,00      0,00     95,88
22:04:39          0      0,50      0,50      1,00      0,00      0,00      0,50      0,50      0,00      0,00     97,00
22:04:39          1      0,50      1,01      1,51      0,00      0,00      0,50      0,50      0,00      0,00     95,98
22:04:39          2      0,50      1,99      2,49      0,50      0,00      1,00      0,50      0,00      0,00     93,03
22:04:39          3      0,50      0,50      0,50      0,00      0,00      0,50      0,50      0,00      0,00     97,50

22:04:39        CPU      %usr     %nice      %sys   %iowait    %steal      %irq     %soft    %guest    %gnice     %idle
22:04:41        all      0,25      1,01      1,51      0,00      0,00      0,38      0,13      0,00      0,00     96,73
22:04:41          0      0,00      0,51      1,01      0,00      0,00      0,51      0,00      0,00      0,00     97,98
22:04:41          1      0,00      1,52      1,52      0,00      0,00      0,00      0,51      0,00      0,00     96,46
22:04:41          2      0,50      1,01      2,01      0,00      0,00      0,50      0,00      0,00      0,00     95,98
22:04:41          3      0,50      1,01      1,51      0,00      0,00      0,50      0,00      0,00      0,00     96,48

22:04:41        CPU      %usr     %nice      %sys   %iowait    %steal      %irq     %soft    %guest    %gnice     %idle
22:04:43        all     12,68      0,90      9,86      0,00      0,00      1,54      0,77      0,00      0,00     74,26
22:04:43          0     12,76      1,02     10,71      0,00      0,00      0,51      1,02      0,00      0,00     73,98
22:04:43          1     13,27      0,51     10,20      0,00      0,00      1,02      0,51      0,00      0,00     74,49
22:04:43          2     11,34      1,03      8,76      0,00      0,00      4,12      0,52      0,00      0,00     74,23
22:04:43          3     13,33      1,03      9,74      0,00      0,00      0,51      1,03      0,00      0,00     74,36

22:04:43        CPU      %usr     %nice      %sys   %iowait    %steal      %irq     %soft    %guest    %gnice     %idle
22:04:45        all     14,67      1,03     11,07      0,13      0,00      2,19      0,64      0,00      0,00     70,27
22:04:45          0     15,46      1,55     11,86      0,00      0,00      1,03      0,52      0,00      0,00     69,59
22:04:45          1     14,87      1,03     11,79      0,00      0,00      1,03      0,51      0,00      0,00     70,77
22:04:45          2     12,89      0,52      9,79      0,52      0,00      5,67      1,03      0,00      0,00     69,59
22:04:45          3     15,46      1,03     10,82      0,00      0,00      1,03      0,52      0,00      0,00     71,13

22:04:45        CPU      %usr     %nice      %sys   %iowait    %steal      %irq     %soft    %guest    %gnice     %idle
22:04:47        all      0,38      1,01      1,77      0,13      0,00      0,50      0,13      0,00      0,00     96,09
22:04:47          0      0,00      1,01      1,52      0,00      0,00      0,51      0,00      0,00      0,00     96,97
22:04:47          1      0,50      1,50      3,00      0,00      0,00      0,50      0,50      0,00      0,00     94,00
22:04:47          2      0,51      1,01      1,52      0,51      0,00      1,01      0,00      0,00      0,00     95,45
22:04:47          3      0,51      0,51      1,02      0,00      0,00      0,00      0,00      0,00      0,00     97,97

22:04:47        CPU      %usr     %nice      %sys   %iowait    %steal      %irq     %soft    %guest    %gnice     %idle
22:04:49        all      0,38      0,88      1,26      0,13      0,00      0,50      0,50      0,00      0,00     96,36
22:04:49          0      0,51      0,51      1,52      0,00      0,00      0,51      0,51      0,00      0,00     96,46
22:04:49          1      0,00      1,52      2,02      0,00      0,00      0,51      0,51      0,00      0,00     95,45
22:04:49          2      0,50      0,50      1,00      0,50      0,00      0,50      0,50      0,00      0,00     96,50
22:04:49          3      0,50      1,00      0,50      0,00      0,00      0,50      0,50      0,00      0,00     97,00

22:04:49        CPU      %usr     %nice      %sys   %iowait    %steal      %irq     %soft    %guest    %gnice     %idle
22:04:51        all      0,38      0,88      1,77      0,00      0,00      0,25      0,25      0,00      0,00     96,46
22:04:51          0      0,51      1,01      2,53      0,00      0,00      0,00      0,51      0,00      0,00     95,45
22:04:51          1      0,50      1,01      2,51      0,00      0,00      0,00      0,50      0,00      0,00     95,48
22:04:51          2      0,00      1,01      1,01      0,00      0,00      0,51      0,00      0,00      0,00     97,47
22:04:51          3      0,51      0,51      1,02      0,00      0,00      0,51      0,00      0,00      0,00     97,46

22:04:51        CPU      %usr     %nice      %sys   %iowait    %steal      %irq     %soft    %guest    %gnice     %idle
22:04:53        all      0,63      1,13      1,38      0,13      0,00      0,50      0,38      0,00      0,00     95,86
22:04:53          0      0,50      1,00      2,50      0,00      0,00      0,50      0,00      0,00      0,00     95,50
22:04:53          1      0,50      1,50      2,00      0,50      0,00      0,50      0,50      0,00      0,00     94,50
22:04:53          2      1,01      1,01      0,50      0,00      0,00      0,50      0,50      0,00      0,00     96,48
22:04:53          3      0,50      1,01      0,50      0,00      0,00      0,50      0,50      0,00      0,00     96,98

22:04:53        CPU      %usr     %nice      %sys   %iowait    %steal      %irq     %soft    %guest    %gnice     %idle
22:04:55        all      0,38      1,14      1,39      0,25      0,00      0,51      0,38      0,00      0,00     95,96
22:04:55          0      0,51      2,02      1,52      0,00      0,00      0,51      0,00      0,00      0,00     95,45
22:04:55          1      0,51      1,52      2,02      0,00      0,00      0,51      0,51      0,00      0,00     94,95
22:04:55          2      0,00      1,01      1,01      0,51      0,00      1,01      0,51      0,00      0,00     95,96
22:04:55          3      0,51      0,00      1,01      0,51      0,00      0,00      0,51      0,00      0,00     97,47

22:04:55        CPU      %usr     %nice      %sys   %iowait    %steal      %irq     %soft    %guest    %gnice     %idle
22:04:57        all      0,13      1,01      1,39      0,00      0,00      0,50      0,25      0,00      0,00     96,72
22:04:57          0      0,00      1,52      2,53      0,00      0,00      0,51      0,51      0,00      0,00     94,95
22:04:57          1      0,00      1,00      2,00      0,00      0,00      0,50      0,50      0,00      0,00     96,00
22:04:57          2      0,51      0,51      0,51      0,00      0,00      0,51      0,00      0,00      0,00     97,97
22:04:57          3      0,00      1,01      0,51      0,00      0,00      0,51      0,00      0,00      0,00     97,98

22:04:57        CPU      %usr     %nice      %sys   %iowait    %steal      %irq     %soft    %guest    %gnice     %idle
22:04:59        all      0,38      0,75      1,51      0,00      0,00      0,50      0,38      0,00      0,00     96,49
22:04:59          0      0,00      1,01      3,52      0,00      0,00      0,50      0,50      0,00      0,00     94,47
22:04:59          1      0,50      0,50      0,50      0,00      0,00      0,50      0,00      0,00      0,00     97,99
22:04:59          2      0,50      1,01      1,01      0,00      0,00      0,50      0,50      0,00      0,00     96,48
22:04:59          3      0,50      0,50      1,00      0,00      0,00      0,50      0,50      0,00      0,00     97,00

22:04:59        CPU      %usr     %nice      %sys   %iowait    %steal      %irq     %soft    %guest    %gnice     %idle
22:05:01        all      0,38      1,01      1,51      0,13      0,00      0,38      0,13      0,00      0,00     96,47
22:05:01          0      0,51      1,52      2,02      0,00      0,00      0,51      0,00      0,00      0,00     95,45
22:05:01          1      0,50      0,50      2,50      0,00      0,00      0,50      0,50      0,00      0,00     95,50
22:05:01          2      0,50      1,01      0,50      0,50      0,00      0,50      0,00      0,00      0,00     96,98
22:05:01          3      0,00      1,02      1,02      0,00      0,00      0,00      0,00      0,00      0,00     97,97

22:05:01        CPU      %usr     %nice      %sys   %iowait    %steal      %irq     %soft    %guest    %gnice     %idle
22:05:03        all      0,37      1,00      1,62      0,00      0,00      0,50      0,37      0,00      0,00     96,13
22:05:03          0      0,50      1,01      3,02      0,00      0,00      0,50      0,50      0,00      0,00     94,47
22:05:03          1      0,00      0,50      1,51      0,00      0,00      0,50      0,00      0,00      0,00     97,49
22:05:03          2      0,50      1,49      1,49      0,00      0,00      0,50      0,50      0,00      0,00     95,52
22:05:03          3      0,50      0,99      0,50      0,00      0,00      0,50      0,50      0,00      0,00     97,03

22:05:03        CPU      %usr     %nice      %sys   %iowait    %steal      %irq     %soft    %guest    %gnice     %idle
22:05:05        all      0,25      1,26      1,38      0,00      0,00      0,38      0,38      0,00      0,00     96,35
22:05:05          0      0,00      1,01      2,01      0,00      0,00      0,50      0,50      0,00      0,00     95,98
22:05:05          1      0,50      1,51      2,01      0,00      0,00      0,00      0,50      0,00      0,00     95,48
22:05:05          2      0,51      1,01      1,01      0,00      0,00      0,51      0,51      0,00      0,00     96,46
22:05:05          3      0,00      1,51      0,50      0,00      0,00      0,50      0,00      0,00      0,00     97,49

22:05:05        CPU      %usr     %nice      %sys   %iowait    %steal      %irq     %soft    %guest    %gnice     %idle
22:05:07        all      0,25      0,89      1,01      0,00      0,00      0,25      0,25      0,00      0,00     97,34
22:05:07          0      0,51      1,52      1,02      0,00      0,00      0,00      0,00      0,00      0,00     96,95
22:05:07          1      0,00      1,00      2,00      0,00      0,00      0,50      0,50      0,00      0,00     96,00
22:05:07          2      0,00      1,02      0,51      0,00      0,00      0,51      0,51      0,00      0,00     97,46
22:05:07          3      0,51      0,00      0,51      0,00      0,00      0,00      0,00      0,00      0,00     98,98

22:05:07        CPU      %usr     %nice      %sys   %iowait    %steal      %irq     %soft    %guest    %gnice     %idle
22:05:09        all      0,38      0,88      1,63      0,00      0,00      0,50      0,25      0,00      0,00     96,36
22:05:09          0      0,00      1,01      3,02      0,00      0,00      0,50      0,50      0,00      0,00     94,97
22:05:09          1      0,00      1,01      1,52      0,00      0,00      0,51      0,00      0,00      0,00     96,97
22:05:09          2      0,50      0,50      1,01      0,00      0,00      0,50      0,00      0,00      0,00     97,49
22:05:09          3      1,00      1,00      1,00      0,00      0,00      0,50      0,50      0,00      0,00     96,02

22:05:09        CPU      %usr     %nice      %sys   %iowait    %steal      %irq     %soft    %guest    %gnice     %idle
22:05:11        all      0,25      1,13      1,01      0,13      0,00      0,25      0,38      0,00      0,00     96,86
22:05:11          0      0,50      1,01      1,01      0,00      0,00      0,50      0,50      0,00      0,00     96,48
22:05:11          1      0,50      1,01      1,51      0,00      0,00      0,00      0,50      0,00      0,00     96,48
22:05:11          2      0,00      1,01      0,50      0,50      0,00      0,50      0,50      0,00      0,00     96,98
22:05:11          3      0,00      1,52      1,01      0,00      0,00      0,00      0,00      0,00      0,00     97,47

22:05:11        CPU      %usr     %nice      %sys   %iowait    %steal      %irq     %soft    %guest    %gnice     %idle
22:05:13        all      0,25      0,88      1,39      0,00      0,00      0,50      0,25      0,00      0,00     96,73
22:05:13          0      0,00      1,52      3,03      0,00      0,00      0,51      0,00      0,00      0,00     94,95
22:05:13          1      0,00      0,50      1,01      0,00      0,00      0,50      0,50      0,00      0,00     97,49
22:05:13          2      0,51      1,01      1,01      0,00      0,00      0,51      0,00      0,00      0,00     96,97
22:05:13          3      0,50      0,50      0,50      0,00      0,00      0,50      0,50      0,00      0,00     97,49

22:05:13        CPU      %usr     %nice      %sys   %iowait    %steal      %irq     %soft    %guest    %gnice     %idle
22:05:15        all      0,38      1,00      1,63      0,13      0,00      0,50      0,25      0,00      0,00     96,11
22:05:15          0      0,50      1,50      2,50      0,00      0,00      0,50      0,50      0,00      0,00     94,50
22:05:15          1      0,00      0,51      1,52      0,00      0,00      0,51      0,00      0,00      0,00     97,46
22:05:15          2      0,50      0,50      1,01      0,50      0,00      0,50      0,50      0,00      0,00     96,48
22:05:15          3      0,50      1,49      1,49      0,00      0,00      0,50      0,00      0,00      0,00     96,02

Média:         CPU      %usr     %nice      %sys   %iowait    %steal      %irq     %soft    %guest    %gnice     %idle
Média:         all      2,22      0,99      2,63      0,06      0,00      0,61      0,33      0,00      0,00     93,15
Média:           0      2,24      1,09      3,05      0,00      0,00      0,46      0,32      0,00      0,00     92,83
Média:           1      2,26      0,97      2,78      0,02      0,00      0,46      0,38      0,00      0,00     93,12
Média:           2      2,04      1,09      2,56      0,18      0,00      1,11      0,34      0,00      0,00     92,67
Média:           3      2,36      0,83      2,14      0,02      0,00      0,40      0,28      0,00      0,00     93,97
Linux 5.14.0-427.28.1.el9_4.x86_64 (ebpfsrv) 	02/12/2024 	_x86_64_	(4 CPU)

22:08:03        CPU      %usr     %nice      %sys   %iowait    %steal      %irq     %soft    %guest    %gnice     %idle
22:08:05        all      0,13      1,25      1,38      0,00      0,00      0,50      0,50      0,00      0,00     96,24
22:08:05          0      0,00      1,50      1,50      0,00      0,00      0,50      0,50      0,00      0,00     96,00
22:08:05          1      0,50      1,01      0,50      0,00      0,00      0,50      0,50      0,00      0,00     96,98
22:08:05          2      0,00      1,51      2,51      0,00      0,00      0,50      0,50      0,00      0,00     94,97
22:08:05          3      0,00      1,01      1,01      0,00      0,00      0,50      0,50      0,00      0,00     96,98

22:08:05        CPU      %usr     %nice      %sys   %iowait    %steal      %irq     %soft    %guest    %gnice     %idle
22:08:07        all      0,50      0,88      1,13      0,00      0,00      0,50      0,13      0,00      0,00     96,86
22:08:07          0      0,51      0,51      1,52      0,00      0,00      0,51      0,00      0,00      0,00     96,97
22:08:07          1      0,50      1,01      1,01      0,00      0,00      0,50      0,50      0,00      0,00     96,48
22:08:07          2      0,50      1,51      1,51      0,00      0,00      0,50      0,00      0,00      0,00     95,98
22:08:07          3      0,50      0,50      0,50      0,00      0,00      0,50      0,00      0,00      0,00     97,99

22:08:07        CPU      %usr     %nice      %sys   %iowait    %steal      %irq     %soft    %guest    %gnice     %idle
22:08:09        all      0,13      0,75      1,51      0,13      0,00      0,25      0,50      0,00      0,00     96,74
22:08:09          0      0,50      0,50      1,01      0,00      0,00      0,00      0,50      0,00      0,00     97,49
22:08:09          1      0,00      1,01      1,01      0,00      0,00      0,50      0,50      0,00      0,00     96,98
22:08:09          2      0,00      1,00      2,50      0,50      0,00      0,50      0,50      0,00      0,00     95,00
22:08:09          3      0,00      0,50      1,51      0,00      0,00      0,00      0,50      0,00      0,00     97,49

22:08:09        CPU      %usr     %nice      %sys   %iowait    %steal      %irq     %soft    %guest    %gnice     %idle
22:08:11        all      0,25      0,63      1,38      0,00      0,00      0,50      0,25      0,00      0,00     96,98
22:08:11          0      0,00      1,01      0,50      0,00      0,00      0,50      0,00      0,00      0,00     97,99
22:08:11          1      0,00      0,51      1,52      0,00      0,00      0,51      0,00      0,00      0,00     97,47
22:08:11          2      0,50      1,00      2,50      0,00      0,00      0,50      0,50      0,00      0,00     95,00
22:08:11          3      0,50      0,00      1,01      0,00      0,00      0,50      0,50      0,00      0,00     97,49

22:08:11        CPU      %usr     %nice      %sys   %iowait    %steal      %irq     %soft    %guest    %gnice     %idle
22:08:13        all      0,13      0,76      1,14      0,00      0,00      0,38      0,25      0,00      0,00     97,35
22:08:13          0      0,00      0,51      1,01      0,00      0,00      0,51      0,51      0,00      0,00     97,47
22:08:13          1      0,50      1,01      1,01      0,00      0,00      0,00      0,50      0,00      0,00     96,98
22:08:13          2      0,00      1,02      2,04      0,00      0,00      0,51      0,00      0,00      0,00     96,43
22:08:13          3      0,00      0,51      0,51      0,00      0,00      0,51      0,00      0,00      0,00     98,48

22:08:13        CPU      %usr     %nice      %sys   %iowait    %steal      %irq     %soft    %guest    %gnice     %idle
22:08:15        all      0,38      1,38      1,38      0,00      0,00      0,38      0,38      0,00      0,00     96,11
22:08:15          0      0,50      1,01      1,01      0,00      0,00      0,00      0,00      0,00      0,00     97,49
22:08:15          1      0,00      1,52      1,52      0,00      0,00      0,51      0,51      0,00      0,00     95,96
22:08:15          2      1,00      1,99      1,99      0,00      0,00      0,50      0,50      0,00      0,00     94,03
22:08:15          3      0,00      1,01      1,01      0,00      0,00      0,50      0,50      0,00      0,00     96,98

22:08:15        CPU      %usr     %nice      %sys   %iowait    %steal      %irq     %soft    %guest    %gnice     %idle
22:08:17        all      0,50      0,76      1,26      0,13      0,00      0,50      0,13      0,00      0,00     96,73
22:08:17          0      0,51      0,51      0,51      0,00      0,00      0,51      0,51      0,00      0,00     97,47
22:08:17          1      0,51      0,51      1,01      0,00      0,00      0,51      0,00      0,00      0,00     97,47
22:08:17          2      0,50      1,01      2,51      0,50      0,00      0,50      0,00      0,00      0,00     94,97
22:08:17          3      0,50      1,01      1,01      0,00      0,00      0,50      0,00      0,00      0,00     96,98

22:08:17        CPU      %usr     %nice      %sys   %iowait    %steal      %irq     %soft    %guest    %gnice     %idle
22:08:19        all      0,25      0,76      1,13      0,00      0,00      0,38      0,50      0,00      0,00     96,98
22:08:19          0      0,00      0,51      1,01      0,00      0,00      0,51      0,51      0,00      0,00     97,47
22:08:19          1      0,00      0,50      0,50      0,00      0,00      0,50      0,50      0,00      0,00     97,99
22:08:19          2      0,50      1,01      2,51      0,00      0,00      0,50      0,50      0,00      0,00     94,97
22:08:19          3      0,51      1,01      0,51      0,00      0,00      0,00      0,51      0,00      0,00     97,47

22:08:19        CPU      %usr     %nice      %sys   %iowait    %steal      %irq     %soft    %guest    %gnice     %idle
22:08:21        all      0,25      1,00      1,25      0,00      0,00      0,50      0,25      0,00      0,00     96,74
22:08:21          0      0,00      0,50      1,01      0,00      0,00      0,50      0,00      0,00      0,00     97,99
22:08:21          1      0,50      1,00      1,49      0,00      0,00      0,50      0,50      0,00      0,00     96,02
22:08:21          2      0,50      1,51      2,01      0,00      0,00      0,50      0,50      0,00      0,00     94,97
22:08:21          3      0,00      1,01      0,51      0,00      0,00      0,51      0,00      0,00      0,00     97,98

22:08:21        CPU      %usr     %nice      %sys   %iowait    %steal      %irq     %soft    %guest    %gnice     %idle
22:08:23        all      0,38      0,88      1,51      0,00      0,00      0,38      0,25      0,00      0,00     96,61
22:08:23          0      0,50      0,50      0,50      0,00      0,00      0,50      0,50      0,00      0,00     97,49
22:08:23          1      0,00      1,02      1,52      0,00      0,00      0,00      0,00      0,00      0,00     97,46
22:08:23          2      0,50      1,01      3,02      0,00      0,00      0,50      0,00      0,00      0,00     94,97
22:08:23          3      0,50      1,00      1,00      0,00      0,00      0,50      0,50      0,00      0,00     96,52

22:08:23        CPU      %usr     %nice      %sys   %iowait    %steal      %irq     %soft    %guest    %gnice     %idle
22:08:25        all      0,25      1,01      1,51      0,00      0,00      0,38      0,38      0,00      0,00     96,48
22:08:25          0      0,50      0,50      1,00      0,00      0,00      0,00      0,50      0,00      0,00     97,50
22:08:25          1      0,00      0,51      1,01      0,00      0,00      0,51      0,51      0,00      0,00     97,47
22:08:25          2      0,50      1,51      2,01      0,00      0,00      0,50      0,50      0,00      0,00     94,97
22:08:25          3      0,00      1,51      2,01      0,00      0,00      0,50      0,00      0,00      0,00     95,98

22:08:25        CPU      %usr     %nice      %sys   %iowait    %steal      %irq     %soft    %guest    %gnice     %idle
22:08:27        all      0,25      0,76      1,26      0,13      0,00      0,38      0,00      0,00      0,00     97,22
22:08:27          0      0,51      1,01      1,01      0,00      0,00      0,51      0,00      0,00      0,00     96,97
22:08:27          1      0,00      0,51      1,01      0,00      0,00      0,51      0,00      0,00      0,00     97,98
22:08:27          2      0,50      0,50      1,01      0,50      0,00      0,50      0,00      0,00      0,00     96,98
22:08:27          3      0,00      1,02      2,03      0,00      0,00      0,00      0,00      0,00      0,00     96,95

22:08:27        CPU      %usr     %nice      %sys   %iowait    %steal      %irq     %soft    %guest    %gnice     %idle
22:08:29        all      0,38      0,88      1,25      0,00      0,00      0,50      0,50      0,00      0,00     96,49
22:08:29          0      0,00      0,51      1,01      0,00      0,00      0,51      0,51      0,00      0,00     97,47
22:08:29          1      0,50      1,00      1,00      0,00      0,00      0,50      0,50      0,00      0,00     96,52
22:08:29          2      0,51      0,51      1,01      0,00      0,00      0,51      0,51      0,00      0,00     96,97
22:08:29          3      0,50      1,50      2,00      0,00      0,00      0,50      0,50      0,00      0,00     95,00

22:08:29        CPU      %usr     %nice      %sys   %iowait    %steal      %irq     %soft    %guest    %gnice     %idle
22:08:31        all      0,25      0,88      0,88      0,00      0,00      0,51      0,13      0,00      0,00     97,35
22:08:31          0      0,00      0,51      1,01      0,00      0,00      0,51      0,00      0,00      0,00     97,98
22:08:31          1      0,51      1,02      0,51      0,00      0,00      0,51      0,00      0,00      0,00     97,46
22:08:31          2      0,00      1,51      1,51      0,00      0,00      0,50      0,50      0,00      0,00     95,98
22:08:31          3      0,51      0,51      0,51      0,00      0,00      0,51      0,00      0,00      0,00     97,98

22:08:31        CPU      %usr     %nice      %sys   %iowait    %steal      %irq     %soft    %guest    %gnice     %idle
22:08:33        all      0,13      1,00      1,51      0,00      0,00      0,38      0,38      0,00      0,00     96,61
22:08:33          0      0,00      0,50      0,50      0,00      0,00      0,50      0,50      0,00      0,00     97,99
22:08:33          1      0,00      1,50      2,00      0,00      0,00      0,50      0,50      0,00      0,00     95,50
22:08:33          2      0,50      1,51      2,01      0,00      0,00      0,50      0,00      0,00      0,00     95,48
22:08:33          3      0,00      0,50      1,51      0,00      0,00      0,00      0,50      0,00      0,00     97,49

22:08:33        CPU      %usr     %nice      %sys   %iowait    %steal      %irq     %soft    %guest    %gnice     %idle
22:08:35        all      0,38      1,01      1,26      0,00      0,00      0,25      0,38      0,00      0,00     96,72
22:08:35          0      0,51      0,51      1,52      0,00      0,00      0,00      0,00      0,00      0,00     97,47
22:08:35          1      0,50      1,01      1,01      0,00      0,00      0,00      0,50      0,00      0,00     96,98
22:08:35          2      0,51      1,01      1,01      0,00      0,00      0,51      0,51      0,00      0,00     96,46
22:08:35          3      0,00      1,52      1,52      0,00      0,00      0,51      0,51      0,00      0,00     95,96

22:08:35        CPU      %usr     %nice      %sys   %iowait    %steal      %irq     %soft    %guest    %gnice     %idle
22:08:37        all      0,38      0,75      1,50      0,13      0,00      0,50      0,13      0,00      0,00     96,62
22:08:37          0      0,50      1,00      1,00      0,00      0,00      0,50      0,50      0,00      0,00     96,52
22:08:37          1      0,00      0,51      1,52      0,00      0,00      0,51      0,00      0,00      0,00     97,47
22:08:37          2      0,50      0,50      1,00      0,50      0,00      0,50      0,00      0,00      0,00     97,00
22:08:37          3      0,50      1,00      2,50      0,00      0,00      0,50      0,00      0,00      0,00     95,50

22:08:37        CPU      %usr     %nice      %sys   %iowait    %steal      %irq     %soft    %guest    %gnice     %idle
22:08:39        all      0,13      1,13      1,38      0,00      0,00      0,50      0,38      0,00      0,00     96,48
22:08:39          0      0,00      0,51      0,51      0,00      0,00      0,51      0,00      0,00      0,00     98,48
22:08:39          1      0,00      2,01      1,51      0,00      0,00      0,50      0,50      0,00      0,00     95,48
22:08:39          2      0,50      0,50      1,01      0,00      0,00      0,50      0,50      0,00      0,00     96,98
22:08:39          3      0,00      1,50      2,50      0,00      0,00      0,50      0,50      0,00      0,00     95,00

22:08:39        CPU      %usr     %nice      %sys   %iowait    %steal      %irq     %soft    %guest    %gnice     %idle
22:08:41        all      0,38      0,75      1,26      0,00      0,00      0,25      0,38      0,00      0,00     96,98
22:08:41          0      0,50      0,50      0,50      0,00      0,00      0,00      0,50      0,00      0,00     97,99
22:08:41          1      0,50      1,00      1,50      0,00      0,00      0,50      0,50      0,00      0,00     96,00
22:08:41          2      0,50      0,50      0,50      0,00      0,00      0,50      0,50      0,00      0,00     97,49
22:08:41          3      0,00      1,02      2,54      0,00      0,00      0,00      0,00      0,00      0,00     96,45

22:08:41        CPU      %usr     %nice      %sys   %iowait    %steal      %irq     %soft    %guest    %gnice     %idle
22:08:43        all      0,25      1,00      1,63      0,00      0,00      0,50      0,25      0,00      0,00     96,36
22:08:43          0      0,50      1,01      1,51      0,00      0,00      0,50      0,00      0,00      0,00     96,48
22:08:43          1      0,00      1,01      1,01      0,00      0,00      0,50      0,50      0,00      0,00     96,98
22:08:43          2      0,00      1,01      1,51      0,00      0,00      0,50      0,50      0,00      0,00     96,48
22:08:43          3      0,50      1,00      2,50      0,00      0,00      0,50      0,00      0,00      0,00     95,50

22:08:43        CPU      %usr     %nice      %sys   %iowait    %steal      %irq     %soft    %guest    %gnice     %idle
22:08:45        all      0,25      1,13      1,26      0,25      0,00      0,50      0,38      0,00      0,00     96,23
22:08:45          0      0,00      2,01      1,01      0,00      0,00      0,50      0,50      0,00      0,00     95,98
22:08:45          1      0,50      0,50      1,01      0,00      0,00      0,50      0,50      0,00      0,00     96,98
22:08:45          2      0,51      1,52      2,02      0,51      0,00      0,51      0,00      0,00      0,00     94,95
22:08:45          3      0,00      0,50      1,00      0,50      0,00      0,50      0,50      0,00      0,00     97,00

22:08:45        CPU      %usr     %nice      %sys   %iowait    %steal      %irq     %soft    %guest    %gnice     %idle
22:08:47        all      0,13      1,51      1,26      0,00      0,00      0,38      0,13      0,00      0,00     96,60
22:08:47          0      0,00      1,02      1,02      0,00      0,00      0,51      0,00      0,00      0,00     97,46
22:08:47          1      0,00      2,02      1,01      0,00      0,00      0,51      0,00      0,00      0,00     96,46
22:08:47          2      0,00      2,00      3,00      0,00      0,00      0,50      0,50      0,00      0,00     94,00
22:08:47          3      0,50      1,01      0,00      0,00      0,00      0,00      0,00      0,00      0,00     98,49

22:08:47        CPU      %usr     %nice      %sys   %iowait    %steal      %irq     %soft    %guest    %gnice     %idle
22:08:49        all      0,50      1,01      1,01      0,13      0,00      0,50      0,38      0,00      0,00     96,48
22:08:49          0      0,50      0,50      1,01      0,00      0,00      0,50      0,50      0,00      0,00     96,98
22:08:49          1      1,01      1,52      0,51      0,00      0,00      0,51      0,51      0,00      0,00     95,96
22:08:49          2      0,00      2,01      1,51      0,50      0,00      0,50      0,00      0,00      0,00     95,48
22:08:49          3      0,50      0,00      1,00      0,00      0,00      0,50      0,50      0,00      0,00     97,50

22:08:49        CPU      %usr     %nice      %sys   %iowait    %steal      %irq     %soft    %guest    %gnice     %idle
22:08:51        all      0,38      0,88      1,26      0,00      0,00      0,38      0,38      0,00      0,00     96,73
22:08:51          0      0,50      1,00      1,00      0,00      0,00      0,50      0,50      0,00      0,00     96,50
22:08:51          1      0,50      1,51      1,01      0,00      0,00      0,00      0,50      0,00      0,00     96,48
22:08:51          2      0,50      0,50      2,50      0,00      0,00      0,50      0,50      0,00      0,00     95,50
22:08:51          3      0,00      0,51      0,51      0,00      0,00      0,51      0,00      0,00      0,00     98,48

22:08:51        CPU      %usr     %nice      %sys   %iowait    %steal      %irq     %soft    %guest    %gnice     %idle
22:08:53        all      1,64      0,75      1,64      0,00      0,00      0,50      0,38      0,00      0,00     95,09
22:08:53          0      1,52      0,00      1,02      0,00      0,00      0,51      0,00      0,00      0,00     96,95
22:08:53          1      1,01      1,01      1,01      0,00      0,00      0,50      0,50      0,00      0,00     95,98
22:08:53          2      1,51      1,01      3,02      0,00      0,00      0,50      0,50      0,00      0,00     93,47
22:08:53          3      2,50      1,00      1,50      0,00      0,00      0,50      0,50      0,00      0,00     94,00

Média:         CPU      %usr     %nice      %sys   %iowait    %steal      %irq     %soft    %guest    %gnice     %idle
Média:         all      0,34      0,94      1,32      0,04      0,00      0,43      0,31      0,00      0,00     96,63
Média:           0      0,32      0,72      0,97      0,00      0,00      0,40      0,28      0,00      0,00     97,30
Média:           1      0,30      1,03      1,11      0,00      0,00      0,42      0,36      0,00      0,00     96,78
Média:           2      0,42      1,15      1,91      0,12      0,00      0,50      0,32      0,00      0,00     95,58
Média:           3      0,32      0,86      1,29      0,02      0,00      0,38      0,26      0,00      0,00     96,86
